             Name Sint70_Jy Serr70_Jy Sint160_Jy Serr160_Jy Sint250_Jy Serr250_Jy Sint350_Jy Serr350_Jy Sint500_Jy Serr500_Jy
G011.9786-00.0973    43.823     0.296     36.892      0.624     41.743      1.269     15.048      1.394     14.584      3.084
G014.7785-00.3328    54.268     0.266       76.0        0.6     59.203       0.81      28.15      0.926     13.273      1.092
G017.0299-00.0696    39.764     0.256     91.468      0.629     76.353      0.828      36.82      0.895     16.774      0.985
G018.5776-00.7484     0.621     0.025      1.503      0.287      6.265      0.765      3.121      0.609      2.337      0.755
G018.7106+00.0002   127.024     0.285    105.786      0.656     78.247      0.922     37.543      1.061     24.404      1.532
G020.4319+00.3572    62.341     0.275      55.84      0.484     31.915      0.572     13.825      0.649       6.47      0.797
G021.3571-00.1766    156.27     0.423    128.193      0.712     74.722      0.854     37.132      0.908     14.068      1.054
G021.3855-00.2541   433.246     0.651    403.175       1.07    253.871      1.212    110.099      1.204     54.374      1.253
G023.4181-00.3940    47.979      0.27     35.341      0.526     23.827      0.737     10.327      0.855      5.334      1.112
G023.4553-00.2010    96.044     0.417    147.392      0.886     79.593      1.025     38.929      1.175      9.935      1.305
G023.8214-00.5788     6.337     0.121      2.091      0.356      7.693      0.521      7.101      2.022     21.305      7.618
G025.2049+00.1250     1.005     0.073     41.229      1.024     23.163      0.836     11.799      0.916      5.489       1.16
G025.8011-00.1568   379.968      0.65     336.92      1.048    214.957        1.2     85.705       1.22     51.568      1.684
G029.5780-00.2686     7.853     0.142      7.885      0.326      7.201      0.392      5.877      0.482      3.806      0.808
G029.8742-00.8190    11.823     0.138      2.529      0.258      0.601      0.144      7.216      1.557       2.68       0.82
G031.0495+00.4697    52.153     0.292     55.129      0.658     60.993      1.632     42.165      1.299      16.81      1.247
G032.4727+00.2036   180.919     0.476    177.535      0.849    155.341      1.166      75.39      1.341     35.568      1.247
G033.4543-00.6149    21.696     0.156      3.513      0.128      4.246      0.503       1.87      1.628       1.44       0.67
G034.4032+00.2277   286.329     0.578    667.037      1.663    672.921      1.814    456.362      1.925    242.851      2.823
G035.0242+00.3502   1132.36     1.118     981.22      1.614    503.905      1.554    182.002      1.414     67.387      1.446
G035.4570-00.1791    35.268     0.219      73.91      0.549     55.671      0.696     26.286      0.769     12.037      0.903
G036.4057+00.0226    394.29     0.622    354.145      0.986    206.388      1.032     77.091      0.981     30.997        1.0
G037.7347-00.1128   152.684     0.439    291.524      0.968    212.827      1.139     94.857      1.179     40.547      1.288
G037.9601+00.4534     6.996     0.105       4.05      0.214      2.219      0.365      0.994      0.169      1.494      1.134
G038.6934-00.4524   113.694     0.351    163.694      0.738    125.899      0.912     55.327      0.961     22.478      1.043
G039.1956+00.2255   103.703     0.333     67.478      0.468     33.847      0.528     13.766       0.59      6.656      0.789
G045.4656+00.0452   1021.43     1.127    1021.62      1.849    585.337      1.836    236.701      1.834    156.969      1.851
G048.6057+00.0228   1207.44      1.27    718.747      1.532    406.953      1.527    125.615      1.308     71.937      1.694
G049.2679-00.3374   296.585     0.691     639.91      1.719    552.424       1.49    269.589      2.365    119.031      2.211
G049.6948+00.8642    63.258     0.262     41.412      0.359     21.992       0.39      8.805      0.439      4.186      0.531
G050.0457+00.7683    60.682     0.257     48.515      0.383      28.86      0.429     11.206      0.447      5.326      0.496
G050.3152+00.6762    380.51     0.679    309.144       0.95    170.317      0.921     53.996      0.819     31.027      0.963
G050.4802+00.7056    63.338      0.25     15.373      0.231      5.699      0.275      2.221      0.339      0.822       0.32
G050.5556+00.0448    13.754     0.122      4.736      0.178      2.163      0.284      0.968      0.343      0.586       0.52
G050.8235+00.2414     3.083     0.082      5.182      0.248      8.014      0.428      4.605      0.631       2.14      0.638
G055.5070-00.5579    10.177     0.107      1.856      0.112      0.895      0.192      0.378      0.226      0.666      0.741
